Accuracy Score : 0.6687540852257153
Classification Report
              precision    recall  f1-score   support

          70       0.64      0.74      0.69       322
          71       0.73      0.75      0.74       323
          72       0.70      0.74      0.72       252
          73       0.60      0.80      0.68       260
          74       0.59      0.73      0.65       362
          75       0.69      0.72      0.70       416
          76       0.64      0.75      0.69       367
          77       0.70      0.69      0.69       400
          78       0.62      0.74      0.67       224
          79       0.53      0.64      0.58        69
          80       0.63      0.71      0.67      3641
          81       0.66      0.66      0.66      2083
          82       0.65      0.66      0.66      2147
          83       0.64      0.69      0.66      2258
          84       0.64      0.66      0.65      2365
          85       0.64      0.68      0.66      2281
          86       0.61      0.63      0.62      1893
          87       0.63      0.61      0.62      1331
          88       0.64      0.60      0.62       543
          89       0.74      0.60      0.66        94
          90       0.70      0.77      0.74     36310
          91       0.67      0.69      0.68     20636
          92       0.67      0.69      0.68     20268
          93       0.67      0.66      0.66     20448
          94       0.67      0.65      0.66     20155
          95       0.65      0.63      0.64     17975
          96       0.66      0.62      0.64     14925
          97       0.65      0.56      0.60     10343
          98       0.64      0.51      0.57      5516
          99       0.30      0.11      0.16      1496
         100       1.00      0.60      0.75         5

    accuracy                           0.67    189708
   macro avg       0.65      0.65      0.65    189708
weighted avg       0.67      0.67      0.67    189708
